70100,53161,1,0
70100,53022,2,0
70100,53023,3,0
70100,53786,4,0
70100,57571,5,0
70100,57572,6,0
70100,57573,7,0
70100,61685,8,0
70100,57575,9,0
70100,57576,10,0
70100,57577,11,0
70100,59632,12,0
70100,57579,13,0
70100,57580,14,0
70100,57581,15,0
70100,57582,16,0
70100,57583,17,0
70100,57584,18,0
70100,57585,19,0
70100,60776,20,0
70100,57588,21,0
70100,57589,22,0
70100,57590,23,0
70100,57591,24,0
70100,57592,25,0
70100,57593,26,0
70100,57594,27,0
70100,57595,28,0
70100,57596,29,0
70100,57597,30,0
70100,57598,31,0
70100,57599,32,0
70100,57600,33,0
70100,61057,34,0
70100,57609,35,0
70100,57610,36,0
70100,57611,37,0
70100,57612,38,0
70100,57613,39,0
70100,57614,40,0
70100,57615,41,0
70100,59187,42,0
70100,59887,43,0
70100,57617,44,0
70100,57618,45,0
70100,57619,46,0
70100,57620,47,0
70100,57621,48,0
70100,57752,49,1
70101,57752,1,0
70101,57623,2,0
70101,57624,3,0
70101,57625,4,0
70101,57626,5,0
70101,59185,6,0
70101,57627,7,0
70101,57628,8,0
70101,57629,9,0
70101,57630,10,0
70101,57631,11,0
70101,57632,12,0
70101,57633,13,0
70101,57634,14,0
70101,61063,15,0
70101,59304,16,0
70101,59710,17,0
70101,57641,18,0
70101,57642,19,0
70101,57643,20,0
70101,57644,21,0
70101,57645,22,0
70101,57646,23,0
70101,57647,24,0
70101,57648,25,0
70101,57649,26,0
70101,57650,27,0
70101,57651,28,0
70101,57652,29,0
70101,57654,30,0
70101,57655,31,0
70101,57656,32,0
70101,57657,33,0
70101,57658,34,0
70101,57659,35,0
70101,57660,36,0
70101,57661,37,0
70101,59631,38,0
70101,57662,39,0
70101,57663,40,0
70101,57664,41,0
70101,57665,42,0
70101,59823,43,0
70101,61452,44,0
70101,61595,45,0
70101,57667,46,0
70101,61291,47,0
70101,53863,48,0
70101,59189,49,0
70101,53033,50,0
70101,53034,51,0
70101,53864,52,1
