70100,53161,1,0
70100,53022,2,0
70100,53023,3,0
70100,53786,4,0
70100,57571,5,0
70100,57572,6,0
70100,57573,7,0
70100,61685,8,0
70100,57575,9,0
70100,57576,10,0
70100,57577,11,0
70100,59632,12,0
70100,57579,13,0
70100,57580,14,0
70100,57581,15,0
70100,57582,16,0
70100,57583,17,0
70100,57584,18,0
70100,57585,19,0
70100,60776,20,0
70100,57588,21,0
70100,57589,22,0
70100,57590,23,0
70100,57591,24,0
70100,57592,25,0
70100,57593,26,0
70100,57594,27,0
70100,57595,28,0
70100,57596,29,0
70100,57597,30,0
70100,57598,31,0
70100,57599,32,0
70100,57600,33,0
70100,61063,34,0
70100,57609,35,0
70100,57610,36,0
70100,57611,37,0
70100,57612,38,0
70100,57613,39,0
70100,57614,40,0
70100,57615,41,0
70100,59187,42,0
70100,59887,43,0
70100,57617,44,0
70100,57618,45,0
70100,57619,46,0
70100,57620,47,0
70100,57621,48,0
70100,57752,49,0
70100,60220,50,0
70100,57794,51,0
70100,60979,52,0
70100,61058,53,1
70101,60979,1,0
70101,57752,2,0
70101,57623,3,0
70101,57624,4,0
70101,57625,5,0
70101,57626,6,0
70101,59185,7,0
70101,57627,8,0
70101,57628,9,0
70101,57629,10,0
70101,57630,11,0
70101,57631,12,0
70101,57632,13,0
70101,57633,14,0
70101,57634,15,0
70101,61057,16,0
70101,59304,17,0
70101,59710,18,0
70101,57641,19,0
70101,57642,20,0
70101,57643,21,0
70101,57644,22,0
70101,57645,23,0
70101,57646,24,0
70101,57647,25,0
70101,57648,26,0
70101,57649,27,0
70101,57650,28,0
70101,57651,29,0
70101,57652,30,0
70101,57654,31,0
70101,57655,32,0
70101,57656,33,0
70101,57657,34,0
70101,57658,35,0
70101,57659,36,0
70101,57660,37,0
70101,57661,38,0
70101,59631,39,0
70101,57662,40,0
70101,57663,41,0
70101,57664,42,0
70101,57665,43,0
70101,61452,44,0
70101,61595,45,0
70101,57667,46,0
70101,61291,47,0
70101,53863,48,0
70101,59189,49,0
70101,53033,50,0
70101,53034,51,0
70101,53161,52,1
